{"fiducials":[{"family":"apriltag3_36h11_classic","id":1,"size":165.1,"transform":[-0.5213742714708662,-0.853317782053922,0.0041990330790616015,6.801943679199459,0.8531551764893255,-0.5213613609934473,-0.017566334066293047,-4.0364297929140855,0.017178878825223495,-0.005576207818576081,0.9998368827107111,1.3673198075507107,0,0,0,1],"unique":true},{"family":"apriltag3_36h11_classic","id":2,"size":165.1,"transform":[-0.5285747145008397,-0.8488864841240947,-0.0007129248131586765,7.923050404938037,0.8488864289722421,-0.5285750748913562,0.00047001101248844083,-3.3781423029374533,-0.000775820282398172,-0.0003567562620296436,0.999999635413863,1.37383711977892,0,0,0,1],"unique":true},{"family":"apriltag3_36h11_classic","id":3,"size":165.1,"transform":[-0.9996697418394311,-0.023893634786155395,0.009460521517904925,8.301531232342038,0.02393590217117527,-0.9997039001751331,0.004380018479368657,0.8575155346432632,0.009353065697237676,0.0046050180600632745,0.999945655508703,1.4458895644539138,0,0,0,1],"unique":true},{"family":"apriltag3_36h11_classic","id":4,"size":165.1,"transform":[-1,-1.2246467991473532e-16,0,8.308842,1.2246467991473532e-16,-1,0,1.4423679999999992,0,0,1,1.4511020000000001,0,0,0,1],"unique":true},{"family":"apriltag3_36h11_classic","id":5,"size":165.1,"transform":[0.00401733442017238,0.9998573133390135,-0.01640774166810183,6.441032781214311,-0.9990924973352772,0.004708934937430853,0.04233211192599466,4.041371592067338,0.04240333468627669,0.016222789348497035,0.9989688575292214,1.3433761097568426,0,0,0,1],"unique":true},{"family":"apriltag3_36h11_classic","id":6,"size":165.1,"transform":[-0.02279065253043533,0.9992246592512962,0.032103995099809185,-6.4053454032412995,-0.9992370644645671,-0.02378615793008998,0.030975921151113448,4.02690680833707,0.03171553495484723,-0.03137354036535298,0.9990044173112906,1.2916719957726719,0,0,0,1],"unique":true},{"family":"apriltag3_36h11_classic","id":7,"size":165.1,"transform":[1,0,0,-8.3086,0,1,0,1.4423679999999992,0,0,1,1.4511020000000001,0,0,0,1],"unique":true},{"family":"apriltag3_36h11_classic","id":8,"size":165.1,"transform":[0.9999576814484962,0.004839982779445216,-0.007823674254622217,-8.308094229787955,-0.004790015761427043,0.9999680933280247,0.006392814319233607,0.8618810621643318,0.007854365738431414,-0.006355068261599673,0.9999489597205636,1.4521939145373282,0,0,0,1],"unique":true},{"family":"apriltag3_36h11_classic","id":9,"size":165.1,"transform":[0.514931339491743,-0.8568881685066033,0.024256592560342516,-7.962229724337451,0.857152965483796,0.5150608710325462,-0.001045415481726878,-3.3547191499994407,-0.011597817534946207,0.021329927439960795,0.9997052189639865,1.359098017478979,0,0,0,1],"unique":true},{"family":"apriltag3_36h11_classic","id":10,"size":165.1,"transform":[0.5284137272312865,-0.8488389435032213,0.015854994981859622,-6.820745840787355,0.8489867728359959,0.5283076501060434,-0.010605960067419092,-4.032239261339088,0.0006264367971560046,0.01906501591307102,0.9998180498196527,1.3230252758677743,0,0,0,1],"unique":true},{"family":"apriltag3_36h11_classic","id":11,"size":165.1,"transform":[0.5000000000000001,0.8660254037844386,0,3.634226,-0.8660254037844386,0.5000000000000001,0,-0.39227400000000046,0,0,1,1.3208,0,0,0,1],"unique":true},{"family":"apriltag3_36h11_classic","id":12,"size":165.1,"transform":[0.5000000000000001,-0.8660254037844386,0,3.634226,0.8660254037844386,0.5000000000000001,0,0.39283999999999963,0,0,1,1.3208,0,0,0,1],"unique":true},{"family":"apriltag3_36h11_classic","id":13,"size":165.1,"transform":[-1,-1.2246467991473532e-16,0,2.9496959999999994,1.2246467991473532e-16,-1,0,-0.00035200000000035203,0,0,1,1.3208,0,0,0,1],"unique":true},{"family":"apriltag3_36h11_classic","id":14,"size":165.1,"transform":[1,0,0,-2.949708,0,1,0,-0.00035200000000035203,0,0,1,1.3208,0,0,0,1],"unique":true},{"family":"apriltag3_36h11_classic","id":15,"size":165.1,"transform":[-0.4999999999999998,-0.8660254037844388,0,-3.6291580000000003,0.8660254037844388,-0.4999999999999998,0,0.39283999999999963,0,0,1,1.3208,0,0,0,1],"unique":true},{"family":"apriltag3_36h11_classic","id":16,"size":165.1,"transform":[-0.5000000000000002,0.8660254037844384,0,-3.6291580000000003,-0.8660254037844384,-0.5000000000000002,0,-0.39227400000000046,0,0,1,1.3208,0,0,0,1],"unique":true}],"type":"frc"}